35202052733
37307182759
38001300369
37801085217
38104275236
37610240242
37002112775
35906090241
36401280361
46904080252
37206180267
37201110302
36110150248
38009106019
48206180270
38012092743
37705240331
37412150214
37802062718
37003182730
47207095237
36708110274
46907110298
35709140319
45208250368
47007270342
47703254712
35205305243
46408100281
37105062767
37708064216
36308190274
37808110322
36704070300
38303255238
35605146017
38301234217
35108152722
38312270015
37804095217
37611224210
38004274926
36507135218
36604113710
37303162213
36111222711
37809124921
47112172225
48410260013
36808224212
37109180311
35607020374
37006296517
38107215714
37210300372
38606120241
37007110228
37603085210
36905200253
37311200341
38102144914
36206290223
36811234918
37608012733
38809150357
36811254213
35205056529
36306023734
36509110229
37302172749
37611276010
38306036028
36903124228
34912220296
47504052757
37206133713
37809010267
46005194217
36811102244
37704232215
38008146017
37601082721
36103300225
38702282721
38410090217
34211050213
36808303720
37501100272
36004030274
37102010244
37001300301
37309020281
38305172711
47902220211
36606090256
37805162238
35801280011
39107140016
37603262718
35709130269
37412115215
37311235216
37011190258
37108072712
38009120269
36601070032
37808254714
38902094226
46511204214
47304242222
36906264919
48212156542
36405032226
37611020276
37206240212
37612095717
37312300287
38702075214
36409110259
36904300025
35711150280
46504030300
38408235219
36001083710
36907240312
36207280287
46811122782
38608262233
38309160237
47111060344
37912300021
38702060222
36201190269
37302280223
37705260356
38405290272
36009200224
35409250378
38910020260
38807112266
35505232210
45411113725
38002167012
37503292246
36404030090
37806282720
46304220245
37405240213
36905153719
47312242238
37009302727
38209090241
37604100246
38409090345
37304010216
38102160254
37905180272
37705190240
37904232711
35708050362
38206270290
36106020476
36012193718
36509210344
36011085718
36202244211
38602132218
46003283710
48102200241
36502060060
37506300328
36806140037
38008272712
45407212215
37904230293
48202150262
37201032217
38206090248
35606240297
38108140313
37604260337
37405156022
36108300043
36104010306
38401130324
37606260260
46410140218
37503110307
37103140276
36210052217
37703314719
36010102751
38404062718
35309072240
37108234211
37010120313
37706070345
46904240299
36506020215
36812212218
38211162228
34804170295
38007290260
36310200040
35308030246
37105083723
35803150038
36811250032
36708305220
48312042239
38002295219
35204265715
36310030256
45011024210
36503080046
36211242216
37412120281
38208090291
45407174212
36801260010
38411110250
37105240226
37008200319
38003010270
38201140293
47604237013
38007080305
37905070270
48307130352
45302120314
36206122217
38112190268
37407160329
38207300296
38907270272
37805110231
46502070330
36401300388
37306120228
35303020051
37210040229
38702180220
46512080329
36303214917
37912170210
36702130301
35406135230
46104052242
35404210314
37811260212
48107044215
36212050266
37907080396
37006162731
38203040384
38006170321
38807242710
38104290236
38310276510
37502120236
38209175218
37809282735
46805012218
37102070340
36611205213
38304014217
37210210035
35812240374
36008050297
37510046013
37510230254
35302222738
36610294224
48307140315
37111014917
38309062217
37403210248
45301252221
37910285710
38302286022
37709214928
38904284916
36507170250
36909130255
36511080214
36809213725
35510190275
38909236029
36502274230
39206102743
38708300359
38508236513
36803080218
35107170334
38801182724
35706013715
38206072729
38207292226
35506182712
36705270296
38307092718
36704112248
36801070234
35407290014
37311084215
37706032736
46101240303
37610110357
37407120323
35905170261
37506202220
48106196053
36407150342
48204262714
36206032236
35811240293
35701040219
45801160287
45511030429
37410062210
35906040250
36407210277
46711303720
37907230373
39003044727
37505120327
47906122252
36106145219
37212260265
35411210358
38005220211
37710270233
35806230252
35610093711
45207293719
38309100242
37512140221
37601292217
37912073718
35901065213
38609050236
46612172717
36007020293
38511112213
37411212748
37903120253
37410260337
36706010334
38408126530
36412274220
37904174923
37108090351
36306020340
35805132235
37712060290
35111030318
47503180393
45409060308
37905092223
39105240045
37607250236
38102120259
37009135215
48605130013
37307072212
38012060252
46709070361
35503130277
34806190264
37103070258
37704253716
36011032714
46010272746
36402090274
37010250275
36610010229
38507174210
35812212740
35910230229
37705150234
36509150268
35008197013
46304164211
38510260318
37910166012
38211214226
36708280230
44609150322
37706264233
45906260386
38207035218
38603202722
47604305211
37407190263
37507220310
39002076519
37104272737
47505080233
36504210210
36901314910
47209284919
37502196016
37102224218
47802260269
35810282244
47508070296
36610220030
36708126513
37706014237
37611046511
37705276029
37706020234
36912180226
35008030215
36803296524
37206060040
37311100313
37901010372
37608220297
37610116524
37602194918
35303134912
38412200332
37901082763
37003076518
37305290267
34709100366
47008215225
36801040050
36611070221
38204260240
36512095712
37404230245
37807302218
36801174925
38206260348
37207117017
37802184928
38006284235
48106252758
38006055733
36408020081
35512130221
38402190338
37107155211
38203230389
37405170370
37505206519
37211242817
46411252263
47303180332
37108220258
38805300325
37102164915
36210050256
38202160279
37811130295
38003130284
37703080337
37203170398
38001160344
37809120312
37908060234
38012120391
37609072710
43910162725
37503296528
35306166517
37711256010
36602214224
39210312518
37611270300
37207104716
37703202723
37208120279
38405072719
37908082710
37201072223
37409050348
38105082259
38410123721
37903110246
37609070302
37301212251
38404230225
38211280243
38101120243
48103092258
37606110339
48511170295
37510132721
46902250274
38605302757
47804100212
37001104212
36412152718
37511140282
38312244922
37405084914
37504192757
47304270303
38601134928
37803125714
36908270251
38004274218
38501024226
38003310299
38308082226
37605172718
36412030274
37908020326
38203044718
38903032718
36705047013
37206105218
43301290262
36701082722
37006030264
37101302712
38104140272
48309150305
48608182220
35603100390
36901210327
35211182258
37001220244
36911170236
45403304210
37809234215
45801070320
36312213712
45509212239
38811100047
36907022237
37806162722
46704222719
37003286027
36911100220
35307070258
37401212711
47604102720
37603200291
37103210217
38004200269
39104280264
38109174218
35304170271
36806286510
35807186518
38408254214
38310190214
36509105218
36909202724
38304182735
47606090292
37502180245
37603230285
38707135718
37607090252
46910210218
37204290270
46101200298
37402010337
45907030271
36802120341
46510105233
38211162762
36307210361
36111222722
37906024914
38701200217
46101070225
35501270224
36910140210
38108164914
37902224220
37511300277
37511300288
37603016518
36304142747
37601040217
37506164718
37007114216
37104284226
37002120221
37901094219
35702140274
37702110366
36311060325
36105100245
38503030299
38202190256
48305105230
48705310352
36406170220
46506140291
36505134222
37908240276
37606030271
37512155714
45209256529
36905024210
37105180259
38202016525
37204300041
37902072728
37404292226
36911222724
38506170216
38112142227
46902020328
37606144936
35607200012
37309120243
36910280288
37006020311
46112192248
38006122237
37401162729
35105270210
36406280288
37608202778
47710280241
47505316511
35407086511
38203106518
36606272716
44510020219
36112174216
38603182303
37704080222
36902130297
36204180266
48206200297
37510187011
36905130257
37601170214
37607144211
35912080022
36406250016
47108190016
38503192710
46906050260
37612150046
38611020291
36609156013
37812106511
37712206514
37303220227
37004106515
36708160320
37911110229
36205264719
38108136027
37910182746
37212094915
37109044919
37504240266
47608282736
35703272223
36907026018
47602190256
37604290380
36103086027
47908316527
37102134285
48008060243
38205132735
36709224922
36702026521
46911200031
37206080294
37709300242
48501310326
37905302712
36411235228
48111110274
37805074222
36506300328
38007176025
47906130319
36103040388
36606070210
36811100272
37004010305
37811260294
36202200261
37010042735
38610254914
37812054219
35412090210
37306122767
46811292749
39010074911
36907110264
36807035711
38011300275
37104216019
37805094225
37905084210
37104022723
38007272729
37812220299
37510030318
38307050369
38212166014
38008024910
37206130243
38004302726
38303122754
37903130358
38404152728
37108095216
38308144212
38003226020
37511082722
38504172723
48107100260
36206102236
37510243742
46711183720
35409280366
38106263717
47610160238
38409110306
37304302733
35302096512
38009245230
48708100228
37110205718
36610180305
47503015225
37403050231
48410162219
36401120313
36505222717
38210216026
36308100353
36906180297
39110180220
38108150364
47611232725
45412045717
45607202767
48109014226
33206036015
36806030329
37010100071
47912260025
37102050043
47105310332
37106240068
47704033735
36511280335
36712270274
37901025712
36706120260
38704122738
37708302721
36306200273
47103170298
47205120254
37407235724
46011133718
36604142756
37808282730
36704070280
38803242767
34705167018
37701010431
37107145215
38005063720
37806304218
37505204213
47404244230
37612186027
47009220224
36408162739
36807185218
37312255224
37806220358
38805310245
37306046512
36311152220
48702174224
37411090340
35902253719
36606070329
35705250345
36901312752
38105192240
48201262732
37805200226
37303142722
38802225227
35512240300
36901020290
46304290272
36905070300
47706086510
37409102738
37608262710
36905070235
46903070335
46812066034
37006056011
38212024226
38911250014
35505170227
37603080214
36810174717
38402044917
36302120337
37807140305
38210022233
37102235211
37602164919
38009164927
38109064717
37902046510
36810110306
38106262225
37806110301
48001125248
48004062738
45404012733
37304060349
36911100231
36705042747
36607010260
36207210254
38107060240
37303290028
45401042761
39003270031
38008314213
37808134215
35805224914
37306035715
38703130306
37810110308
38907110235
45505160363
47705296011
37112290283
36307300305
37012225238
37603204268
47305010288
37004110290
36701170263
37807304223
35908013715
37909100214
38109086017
34901085214
36110243728
35803060224
36409230268
45911040296
37406260265
47605210221
35306070286
38012235214
45409115265
36702114210
38410126516
39008192711
37910020345
38403072742
38110120242
33710180237
37003250242
36312210362
36303202731
38304290024
36608094232
35505050295
37404196012
37212252775
38209030210
36505132740
38810080255
39102182210
46203282218
36406236042
37507172714
37207200309
38602282250
36006292222
36205190290
38708260253
36205252217
36903290414
35511142239
47809202223
38411302749
38504100332
36904100275
37004270272
36311076521
37808152235
37707240341
38206242710
37901140290
36901220280
36602212720
36007220240
38702020260
35602184918
37705154919
35601300239
45404300282
35511260254
38508166049
35004302720
37109092720
38002070296
37803010346
37112145216
38306176530
37304090283
36002082717
36201045213
38309115212
46312265219
47107152232
38010220376
37510034916
36607050244
37202080012
36708180235
47004130043
35810040308
37609050310
35210026520
38402042749
37306235215
37302020282
37005035222
38808112732
37001024217
47812180357
45702090372
39004155219
38804275729
38607260212
36610220324
37905152735
35305132721
37802212216
37302206512
36702272721
37302180217
37209262736
34802146017
35702036515
37603100252
37701102246
46308190264
36510220256
36206160295
34710025710
37903210339
38702250238
37501040272
36906080278
48701214216
37010156512
36510250211
47909140254
36501200287
47711240295
38008255210
47107150260
37502182751
39203303519
36601195244
47712215242
38010025218
36903230275
47908126533
37703304712
37207036017
37507170339
38808096032
46306074941
37611164711
37812082714
37901122215
38401160247
38404016520
47708220300
38205180024
36401180279
36612030253
45704106533
45609170284
34810192722
38304205219
45908150328
37604080296
37410202736
37503066038
37107140340
36602120030
38607144213
37705112789
38809250210
47902196519
37603016529
36807236535
36109032714
38310252726
37801060251
37410240301
38201172220
37308132718
36901052228
46908162211
37009300298
38204262245
35505104210
38811212751
36607142226
36110056017
37010132739
46706020299
37810256041
38707116059
36704180226
36206010025
38506162748
38706180240
35710096050
38207282753
37404112230
34104024232
47903050214
35810100232
38907222721
37208284913
35206140300
38006290319
37103300249
37501092736
33103180230
38408066526
48512116545
47012055716
35004105710
35607176015
37810120315
38604235238
38401042722
34801272236
36705040263
36901040260
38204212755
38104110295
37102120213
36805150246
48706090231
38011100285
38112244227
36505166519
38205170333
38608266526
37209050309
38207156017
37004030232
34105160240
35409044913
37205102712
48406266555
46708070234
38612070317
38005230295
36903260263
35603060284
36808220300
37406134923
48209210220
37911305252
37805184736
36803014212
46610280269
37601234235
35905014223
37508284225
35803200336
38307164719
45608260223
37507020222
36308252224
38009176514
34807144919
38710145215
37103184215
36608244917
37810015712
36802256012
38309014220
37008100313
48907102746
36702042754
46710192746
46201070402
35908070270
36408086028
37504034213
46503064925
38004112217
35312280321
36807060311
37403234217
38112312763
47008090011
47805310309
35108020407
48409206517
48111225239
37105236539
35911115210
36203142249
36808144220
36012070225
36202200381
38305256517
47801030351
36312050291
36712093713
38303310373
37012150279
34710060263
46109170358
37109170250
37509126514
47604294216
38508115224
36709170288
45908110322
37009052777
37603125218
37208070307
36202200228
37101160409
37411220216
38610220296
37901036019
35107162735
48409050264
48803284223
37211244245
46912014215
36804157013
48606112227
38005070234
37909235215
37705212729
48711265221
46305042235
38305092727
37008260219
36308132727
47407230337
37309022721
37601066532
36110193724
46109290334
36212220290
36004252734
38211014911
37303170270
38609034929
48002182249
38306144929
37008210272
37902106543
35901270269
38209220237
47602170242
45505210270
38512130249
39012235216
38309110227
35508110233
35401252746
37707250228
36609070235
35309060239
37307044230
47107166521
37807190013
47610080357
37605084911
38304120307
37804142742
36608070219
37604034913
37501114911
37101204210
38701076511
38303250231
38207230245
36205182722
38011250249
38208266013
37110146018
36606195247
38605306029
35512220332
36707020270
37204186010
47307140368
46608134720
47805040280
38104262721
36110230273
36908212715
37412315238
37410240291
47604023725
37911040309
46706150325
38004216519
38001205228
46308050285
36802040284
34708310249
35501190210
36608230258
36704226532
36212190234
38409106031
37004100261
35305020213
48703184715
46102054716
37607054223
37903046526
37905220269
35612050210
36005062718
37712150278
36702180271
37201210428
38511132740
38301190210
36502122217
47710300039
38509034229
38709020352
35405262718
38412132785
36607064925
47002274926
37603254248
38004074914
36506140300
38708204711
36607160246
35410122740
37901302725
38504054229
37206090279
37606085225
38506226573
38510016539
37312280347
36105130353
37902146015
47007302736
48103275715
45605240282
37405310307
37604224221
37810100018
37006010043
36910102754
48407290381
36806132743
37606254219
38711194214
36805290323
36901090022
37401060242
36507285226
36802182747
36208100306
37902036013
48011272737
46804272724
38001120327
37009180352
37903304217
37404270295
39006200096
37503164235
36212090250
37503120339
38101216039
35807010318
48001060263
38409130211
35710063724
37701276020
48001070248
37703150366
46203283716
36302100236
35907100318
36308200283
37104230312
37201170235
47204090335
37808282719
37404210253
37109243727
38602100282
48007272719
36701279510
46810140339
46108162743
37404210242
34806050350
37307196013
36602270223
48008302714
35809245226
38301274212
36908252743
36309134922
38608102723
36606306515
37705193721
36807292719
47207174210
37112066014
46911210212
47707160296
38809060227
38210170214
46104173749
47808080050
36410102739
36205232726
36911023720
35711030271
47811140215
37503202227
35502162221
37012230369
47902280242
39005030306
38109305222
36901144722
34811115216
34001030309
47910140268
38602270347
36612170321
37807194241
36107280218
37809020012
35307200014
45206120255
48306240229
36811010262
47105230219
43704250240
36404102210
37704095225
45703230039
37709162745
37502255226
37103022762
38102092252
37904024229
38304160237
37904220024
37711234217
37104022756
38308125715
37412110056
37809105218
37504084226
38411160236
37207286016
38708140255
38107202248
36101042230
36306302724
38307292724
38304043720
36101145238
38401245213
48212180341
38510054213
35303143715
38510080409
37206030383
35902034919
36510015222
48411036523
37104232720
38208110241
35905260325
37307070316
36711160310
36012020239
36909260075
39210223723
38603060224
38802100277
35009192229
35803050283
37008143713
36102220228
36408150227
37504070216
36101260382
36309300217
37103086541
35705216528
36701240299
47811070328
36102232730
38209302782
36203044226
38701175226
38104250252
37808220237
37810052738
38003036516
37410084229
35610180238
36106100217
36609180226
36903070323
37505046513
36906262239
37303056515
37708160278
37101023716
37612240263
37805262756
37202055216
36204154233
36204154244
37701160319
37709080269
37110110342
48703056029
47909202758
37407170014
36809024935
36901284211
38205184241
37604284219
37712110244
37001062733
37502270320
36307070019
36609290272
36111060385
35506190311
37910215727
37703054718
38005215211
34911182211
35504223730
36303112275
36612200211
36510255218
38510195222
46910246526
37301282746
37610124711
36609300237
37105146529
38604136512
35911070304
36602280023
37410014235
35805233717
37104242248
38712310286
36902180048
39205164229
36303220261
38001032747
37602092254
34802080253
37010110317
48410256511
47903290210
37204110263
38311082731
37311264229
36411136524
37912195215
36602090291
46703090212
37806110277
45205300259
36107020342
43211040282
36310192722
37904230012
36909240333
35105200303
46404242779
35404032735
36608173739
37111272225
37012154234
36903042211
35202260288
38706020225
36901240348
38706094218
37603265228
36105010050
37408185725
37810205728
35412070393
37107010236
45409090231
36408212711
34904200255
37506113719
46302170427
47401160311
36603190312
38201020262
36801215222
37506280282
36901240239
37911240245
37504280348
37306162729
34811135219
36401310297
38509224911
34804156012
37603020238
38505282236
36809042748
47402064919
36604220242
36209170273
38607010307
36209280264
37912030220
38510240306
36608284727
48803113716
35903092732
37902270321
38005294923
36301050238
35110210279
37405150236
36009270240
37603234223
38108232241
37105254711
36912124227
38606276022
37204260369
48205106028
38402275239
47707016531
47304120361
37105124216
37212150328
36408084228
36304240029
36705040306
37308232746
36709140278
46901110235
37702082773
38412264925
48002026015
37505185212
37206296512
37503170232
37501050279
35311220210
37403263720
46901120318
38612232710
35408240268
37712016019
37201235220
37908080248
47006230309
35406200394
37102140282
38004020249
46010140243
37204294726
38508030258
48006103711
36506280214
37309150318
38402154922
36910070356
37801120295
37703085224
37509280253
36201110290
37004190247
38002022712
37202234217
47212175222
36411132710
37111194227
47208256517
38706130303
38709200293
36504254226
36606050304
36906295229
38711070283
38112022719
37202160342
48004130306
37312054912
37002020237
35711050219
37303210310
47212232729
36011106012
37803130287
37408300228
37406200343
37804156018
37212254932
38204080297
48110010241
37305080324
38212304230
37305310348
36610242724
36501070404
38210030290
38811274231
36012160295
37509034249
35503052714
45105232722
35102170266
38410080243
36703120256
37408010381
36702170253
38010210282
36608114215
37507191252
38002275216
37110297012
38104210279
46908092226
37608220210
36410210300
37703226017
36408272786
46303166538
37202244224
48509010217
38005062777
38307084226
37806293724
37905150000
37506090386
36204186564
47809132238
37102160230
38001032224
37102052211
38405250233
36510310211
38707054239
37011115212
39203240234
38705184234
37212140289
45801142713
35303230211
38804236513
46607176018
45407220370
37004095215
34603315228
45903190364
35303200049
38110306516
48509170254
48310256029
36804184239
38303142289
36810150301
37404296030
37908140215
38305230314
36607310343
47709282733
36011106034
38911106043
47903102746
47712030261
35012060243
38401110245
38601074917
35802172237
38104030270
45905053712
38501130316
37604302220
36612010250
37905310268
38405310316
38407120336
37808275213
37509245232
36906160272
35708056526
37906236535
36706174914
45107165226
37503155214
37503136535
37712240310
36411174242
38006285210
37305154232
36503134223
37901140246
38107186525
37804052721
37103132717
38010145216
36402040304
37206254229
37310240277
38304210372
47712243715
34902282719
37812300062
37210232729
47212082730
36505280242
36705060397
37707164245
38205100328
37402080323
36609272764
35612100390
37201250260
36008250308
38703190396
36403256539
38210180221
38906080393
47411090243
36010224729
37607140321
37207170323
37010120215
37705270308
45802164214
37601184231
37305160349
38710286529
35403180352
37410090313
37311074235
37509244235
47203202219
36311010225
37004062748
45109290298
37407070385
37608280351
35012144245
36603316545
38211290250
35407014719
37801096025
37804120364
38203120332
37309205210
37810246535
45408246523
46102240341
44103240266
37604214225
47412204233
37408190280
38908162767
47702174712
36411280245
38701090314
38304176019
36901282718
37309176018
38004095217
36401045230
38301134244
36605165733
38307206514
38006180263
36707180274
36009260299
38709190305
38009076018
36404090284
36602106543
37604160211
36603160263
37705282734
37805090226
33309302238
37812156023
47712286516
38604196010
37702175240
38312250023
38003165219
46801096024
38011030245
38206026029
37311276524
37105120272
37205244925
37705282756
39101310283
37004284912
36504172741
38503256023
37005244233
38104150344
36705260267
45901170242
36510272731
36302272720
37604233710
37308040279
34602160272
36102060288
48706022710
38708240359
48605242238
35709060237
45811130259
37308164210
34808202712
37202170284
37905295226
46410130320
37509250210
37006020235
38010240270
38509032725
37110256018
47912126017
45105262264
38401302712
36008232310
38402014232
37712080336
38012200241
37006194931
44604020216
48808080335
38201084226
37502210224
35806150380
36205270259
37811230257
37808216027
38203212739
37711190040
38303020297
38202220410
37304150054
38008062214
37102252735
38106016520
46612140304
36405260214
36109200347
37202046522
37301172722
36504302737
46308112736
36102162756
36511136516
39006260235
36512180258
36610250236
48102285216
37401230241
38610176023
38211086017
35509140346
36801060260
47802184918
38011190358
44206300349
38106096510
37510242723
47005143710
47908210256
39212300821
37509164939
38007202768
46809222714
47301200240
37503170265
35505214212
48207310260
38504132739
47809175213
37102184918
47804155229
45408164221
38207184915
37406050300
36507032722
37004104238
37004192219
36709272712
37105302242
36707100229
37204236014
36209072729
36812110229
47701250265
37501022219
37806170057
35805160349
37510272210
36605260079
37601265231
38611224212
47901316013
36103130245
37110020267
37709210243
37512110342
38205224717
46406035216
36205110026
45008144914
36812012729
38305160216
36610032756
36708090247
37309080311
39302100242
48101205744
48311170306
37907224234
36507156044
46601110248
38306123711
37312042225
36410110393
34805120210
36305214938
38909212267
37502275218
34703090251
44710120231
38109112716
47801120222
36603122726
37605092737
36909210247
38512182746
38004095239
35701204910
38110182724
38010310311
38211200275
48202192763
36704154226
37002015215
37809290291
37003140360
46610290276
38301262745
37902090356
35008142712
36312276015
47609022742
37710232722
37404192217
35510180283
38109062211
46407085212
36402234276
35811232225
48710200318
37702249518
36904220360
37406070372
37312077024
35510202234
37707052243
43812140302
35410300276
38304283716
36707102724
37909275711
37010240290
37104040046
36610052229
37411050278
37005310296
38104025716
37010214725
38611210272
37306290315
37805236516
46403086026
37610306017
36711106022
36205080265
37611146016
37203132756
37407242729
38008075234
37412084718
38104074917
37009100035
37211022748
37503230243
36008300356
37912100271
37507162751
38202117016
37705252234
47104022746
37507074223
48205276017
48403316511
38106025225
37905076535
38705150291
36906170333
37509055728
37305136027
47301130222
47707016542
38407162750
38801064222
36807074219
47405295212
48210034224
36707100349
37404132734
37007050217
37805185722
38302064710
37811040296
38310280274
38410150283
38104052713
46601265710
37906260280
37005140315
34612300286
38608310287
46706135216
38611260285
37704122714
48105034928
37210130239
47001210019
36112246511
37101302723
46907296047
36702062713
35108300281
35705120297
37811022232
38710190319
38711050280
36908260314
38110250062
37106042736
37911274711
37708122745
48002054739
35112149516
36802016038
47304205719
37712226027
37301086014
38407182742
38108076016
35104043720
37802132224
36912140340
37204280001
38210260388
38701180302
35405100274
45312050246
36907180323
35706274221
38304143715
37011162743
35601180010
37808020073
38012310221
37512140047
35608210275
37207260220
37104054716
47006240218
37212080302
38309180265
37303165716
37908292718
36906103711
37908115212
38201260269
36509296523
48901286515
38403270237
37311180249
34911270249
38008080027
38207150220
46302262725
48601300279
35602070220
38305170314
38008120275
36604200315
46601280237
45404210294
38606152755
35501294923
36205010374
37908170269
38012250319
44007022218
38707260385
38907310051
46808262214
36708100299
38312102256
38412122211
37012200272
46502222758
48708222721
35803076518
37602250211
34006090212
36605170396
37910200289
38201014722
37509272230
34806080235
35903265213
37103150261
36808310051
38204234723
37102122763
48006025212
36807210234
36302252739
47709046017
37606220265
38104156021
36906100274
38909034916
38205150319
38402233718
38911223714
37312132769
38109090250
38311140310
37904246020
37103100259
38109182743
36709194246
38009252714
47702174919
37107232779
47601315715
38803015714
37706090370
36206110227
38410067012
36607282227
35407075725
37010092731
38408170290
33909157013
37004072755
37104280325
35502030299
36606062218
37301150311
36309050290
38401130259
37902110285
37805122221
37305059516
37306180335
37412022236
37105130235
36208064232
36310300335
46401194220
37908030213
38607092226
36308015230
47306070280
37303132225
37806162755
49111025719
37606174717
38401140266
38411120289
38509082226
48007062210
38703242241
36402100326
38508270254
36406182711
37604030381
45706170272
36911122228
37003232244
47302082217
35808123719
38305282768
37811032243
37312102759
47107162784
47607265218
37702170059
49004164219
37508022733
47606120253
36001240343
38502062221
37906080380
39003284919
35407012213
48603253733
38604164920
37502214915
46909153729
37701022759
37801070225
36112060270
37112040236
37406080245
37908072758
35507050021
37303250011
46108260232
48606053714
36306100060
35206210024
37002270284
34006260278
38206180247
48402170249
36008162257
36912193714
38104182773
46003203720
38604102743
38105055241
37403032723
38001310332
38801030112
47304060224
37204204914
38502052748
36701072726
36304102730
39103170040
36912074212
46506102235
35811262714
37401090271
46111180219
37912015213
37604096524
37109244713
38310292754
38409170402
38509140210
38411032722
37611266526
35410270231
46207156025
36109186019
38204072741
36804192797
36607152778
37706130367
35710220020
36804250280
38110202740
38405170339
35307272710
38212166537
35902269512
35406072228
38007200327
35306270221
37305290278
36207060435
36806210295
37007122785
38411180321
45809022221
37209253715
47606242219
45606114912
35508300369
38612012237
38510016027
39002073724
37612180263
38809050219
37008040302
37801200221
35904050291
38806282232
37209093712
36902090223
38005152216
37408164235
36211160339
36201253728
46705142242
37309213734
35305032214
37107263720
36606280021
37107010345
36310010214
35412310325
35708150234
39111042730
38507120263
35812315213
37606052235
45707200310
38701030109
38404170367
38102060335
38712300399
36812246020
45601062225
36807243725
38209093711
35703290232
33812190279
36901050310
36507220319
36302020288
37710012732
36503172736
36503220278
46106086032
36202156021
37610080269
36512262723
37801260263
36903130323
37110090283
36408306023
37003052758
36211210343
38312243737
37701160243
37105222718
48105244217
38304154230
35505020296
36202116516
38701315229
35905160254
35705050279
36007082720
39009044735
37503102777
37403084915
35710274914
36705050368
37703040299
37210140246
36607270264
37105124249
37102042237
34205070287
36809140264
36601195277
38209260298
37410030228
36512290336
37312055713
36705090329
36807310240
45711125713
37805230251
37802240298
37509080230
38511150236
37112274235
37106080280
36707010252
37710254229
37405144914
46109290301
37207180304
38710266036
38908300376
36107210017
37112012732
37303272749
38006170278
36009294917
37504080347
35908150240
48305210269
37006042232
37906155720
46409145222
37911282757
37701092713
37411242736
36312100262
37505050375
33706300012
36205090010
35706150257
38406024923
36708230228
36305282241
37210102735
37911180310
37211164211
38209122769
38311150012
45601056032
36902240310
38206165730
37510050212
38306234940
36412232754
37106182225
46911034714
48406290256
38004193719
36208280313
36906240275
37303180318
37910210252
47703215210
37809170053
45503300345
38011233716
37910220281
38701090282
37503170319
38012294934
36111252765
46212192719
37907210283
37707125219
38703200361
37401040030
37501280039
46503074714
46003220329
35506110256
38212070360
37710144717
36312170223
38304304228
34602170235
36308290280
49007054254
47207150241
35808304714
37805114717
37505210250
38311185225
37401046011
38512190038
36311130310
46303062729
37808305258
47202134713
44704162214
37009210211
37107280264
45505230315
38507280212
36606190240
38101182736
37405220014
37204152753
38207304915
37609195220
34901240279
36203190388
38105074726
34812220238
35306170302
45810060356
37203292738
38909262715
38206010291
38001250245
35905305231
37003060248
39107080267
36911250261
37504090294
46905050288
37310160317
36305070370
47602252239
37402260289
36903030263
36608120267
35510292242
36809100253
38611212745
38404170356
36002150338
37505310289
37601032218
38712140295
37706300238
47506110217
38711043721
35810203719
37104173717
36006280308
38605044916
36810282725
37209297012
37006150273
37211240028
48106120312
37905050256
46907314210
34712262235
36502120212
36002180217
35205310308
38501262250
37801060284
38302146511
36009010274
36202142712
37601190294
37612242224
37309224226
35503072728
37012160253
37706250289
38711064231
33105210306
48510204235
36403294257
47611150249
37806090231
36907116529
38608314928
37902090236
37605026535
38202090250
36708030336
36806152713
38611266539
37002210216
35408212742
37104070296
37604300323
36110010301
37611290216
36205270085
47901194259
35907080304
36606180353
38610246520
36806172749
38007280230
37112025229
37108182213
36202136524
37903216539
37609022719
38805296516
36908020292
37701170370
38201080314
37405220287
37209150283
35511060307
37306204230
37206050240
37207145240
38406144714
37609030024
36905040279
37903100304
35912195216
38206234925
35910134222
35611054226
38610224251
36105024219
37504174922
38401310224
37504286025
38410264915
38108310248
38104110338
37901235720
36106252720
37908010325
35510295211
36710042770
38010175226
38509012722
36407190217
37910060333
36806020322
37807296546
36007226014
37806070217
38403300260
38304044924
37112010281
38010260239
37201114225
36811240327
37808122726
37604254242
38506075228
37009170258
37610120233
48103292727
37701142724
35710260233
45108134213
37606220232
35710310270
37509176059
37006160301
46509030238
36507100278
38301092220
47612272235
37501110279
37108172729
47807230218
45505210404
37009280293
37606084914
38508220263
37607060329
38403276023
37203270229
37911160318
37805037011
38207300252
37803086529
48701302788
37106120233
36705120255
36611232232
34904222221
37307012225
37609150239
36501272231
37503034241
47810214227
36107284250
35310092725
47606222728
38506104918
36504060233
38303034259
38309192756
35712060231
37103290273
38404055212
36812200261
35305224235
38004260310
37411284235
37806147018
37409245229
37505230318
48303292744
37506220338
36611050218
38002132747
36509264911
38705292231
37610020250
34602120315
45503016011
38702190282
37805052748
35901220267
48611270293
37807162215
37006070357
37010030369
35807120244
38705104244
38007164917
38412075231
37209180282
38612236022
36712030212
37706042220
36507202724
38002174246
35911156540
48603110316
36108010370
38001070356
46904140260
37104046518
37105274714
36605054723
37605220249
37206044722
37312060256
38204140253
37010080229
36001270309
46611090269
37105010259
35410240254
38403020234
38001076033
46802190260
34111070213
37906222747
39010110267
47911060259
37405120268
36602090225
38610112244
38806170269
37202183717
45112233722
37509260239
36710156019
36512190319
37906252724
35106264239
37505014248
38211190288
38103132221
37308290434
37507072719
38204210018
36412050228
46004022719
37612044925
37810022216
35503172299
37106120331
38406060233
38409070299
36702266016
38001050288
36104260320
37506030268
36807036011
36709132799
38010302721
37604250254
46003140294
35002013729
38109233711
46903264938
38008090285
37806094927
35106044944
37603312711
38103055213
37501280028
36803150258
35810280228
38101300350
47004150024
38102220036
37812166026
38302230256
36208052743
36912094912
37710020306
35610294239